0  0.05  591.569  1357.47
1  0.05  529.298  1357.47
2  0.05  467.028  1357.47
3  0.05  404.758  1357.47
4  0.05  342.487  1357.47
5  0.05  280.217  1357.47
6  0.05  217.946  1357.47
7  0.05  155.676  1357.47
8  0.05  93.4056  1357.47
9  0.05  31.1352  1357.47
10  0.05  591.569  1308.67
11  0.05  529.298  1308.67
12  0.05  467.028  1308.67
13  0.05  404.758  1308.67
14  0.05  342.487  1308.67
15  0.05  280.217  1308.67
16  0.05  217.946  1308.67
17  0.05  155.676  1308.67
18  0.05  93.4056  1308.67
19  0.05  31.1352  1308.67
20  0.05  591.569  1245.87
21  0.05  529.298  1245.87
22  0.05  467.028  1245.87
23  0.05  404.758  1245.87
24  0.05  342.487  1245.87
25  0.05  280.217  1245.87
26  0.05  217.946  1245.87
27  0.05  155.676  1245.87
28  0.05  93.4056  1245.87
29  0.05  31.1352  1245.87
30  0.05  591.569  1197.07
31  0.05  529.298  1197.07
32  0.05  467.028  1197.07
33  0.05  404.758  1197.07
34  0.05  342.487  1197.07
35  0.05  280.217  1197.07
36  0.05  217.946  1197.07
37  0.05  155.676  1197.07
38  0.05  93.4056  1197.07
39  0.05  31.1352  1197.07
40  0.05  591.569  1125.08
41  0.05  529.298  1125.08
42  0.05  467.028  1125.08
43  0.05  404.758  1125.08
44  0.05  342.487  1125.08
45  0.05  280.217  1125.08
46  0.05  217.946  1125.08
47  0.05  155.676  1125.08
48  0.05  93.4056  1125.08
49  0.05  31.1352  1125.08
50  0.05  591.569  1076.28
51  0.05  529.298  1076.28
52  0.05  467.028  1076.28
53  0.05  404.758  1076.28
54  0.05  342.487  1076.28
55  0.05  280.217  1076.28
56  0.05  217.946  1076.28
57  0.05  155.676  1076.28
58  0.05  93.4056  1076.28
59  0.05  31.1352  1076.28
60  0.05  591.569  1013.48
61  0.05  529.298  1013.48
62  0.05  467.028  1013.48
63  0.05  404.758  1013.48
64  0.05  342.487  1013.48
65  0.05  280.217  1013.48
66  0.05  217.946  1013.48
67  0.05  155.676  1013.48
68  0.05  93.4056  1013.48
69  0.05  31.1352  1013.48
70  0.05  591.569  964.679
71  0.05  529.298  964.679
72  0.05  467.028  964.679
73  0.05  404.758  964.679
74  0.05  342.487  964.679
75  0.05  280.217  964.679
76  0.05  217.946  964.679
77  0.05  155.676  964.679
78  0.05  93.4056  964.679
79  0.05  31.1352  964.679
80  0.05  591.569  892.689
81  0.05  529.298  892.689
82  0.05  467.028  892.689
83  0.05  404.758  892.689
84  0.05  342.487  892.689
85  0.05  280.217  892.689
86  0.05  217.946  892.689
87  0.05  155.676  892.689
88  0.05  93.4056  892.689
89  0.05  31.1352  892.689
90  0.05  591.569  843.889
91  0.05  529.298  843.889
92  0.05  467.028  843.889
93  0.05  404.758  843.889
94  0.05  342.487  843.889
95  0.05  280.217  843.889
96  0.05  217.946  843.889
97  0.05  155.676  843.889
98  0.05  93.4056  843.889
99  0.05  31.1352  843.889
100  0.05  591.569  781.089
101  0.05  529.298  781.089
102  0.05  467.028  781.089
103  0.05  404.758  781.089
104  0.05  342.487  781.089
105  0.05  280.217  781.089
106  0.05  217.946  781.089
107  0.05  155.676  781.089
108  0.05  93.4056  781.089
109  0.05  31.1352  781.089
110  0.05  591.569  732.289
111  0.05  529.298  732.289
112  0.05  467.028  732.289
113  0.05  404.758  732.289
114  0.05  342.487  732.289
115  0.05  280.217  732.289
116  0.05  217.946  732.289
117  0.05  155.676  732.289
118  0.05  93.4056  732.289
119  0.05  31.1352  732.289
120  0.05  591.569  660.299
121  0.05  529.298  660.299
122  0.05  467.028  660.299
123  0.05  404.758  660.299
124  0.05  342.487  660.299
125  0.05  280.217  660.299
126  0.05  217.946  660.299
127  0.05  155.676  660.299
128  0.05  93.4056  660.299
129  0.05  31.1352  660.299
130  0.05  591.569  611.499
131  0.05  529.298  611.499
132  0.05  467.028  611.499
133  0.05  404.758  611.499
134  0.05  342.487  611.499
135  0.05  280.217  611.499
136  0.05  217.946  611.499
137  0.05  155.676  611.499
138  0.05  93.4056  611.499
139  0.05  31.1352  611.499
140  0.05  591.569  548.699
141  0.05  529.298  548.699
142  0.05  467.028  548.699
143  0.05  404.758  548.699
144  0.05  342.487  548.699
145  0.05  280.217  548.699
146  0.05  217.946  548.699
147  0.05  155.676  548.699
148  0.05  93.4056  548.699
149  0.05  31.1352  548.699
150  0.05  591.569  499.899
151  0.05  529.298  499.899
152  0.05  467.028  499.899
153  0.05  404.758  499.899
154  0.05  342.487  499.899
155  0.05  280.217  499.899
156  0.05  217.946  499.899
157  0.05  155.676  499.899
158  0.05  93.4056  499.899
159  0.05  31.1352  499.899
160  0.05  591.569  427.909
161  0.05  529.298  427.909
162  0.05  467.028  427.909
163  0.05  404.758  427.909
164  0.05  342.487  427.909
165  0.05  280.217  427.909
166  0.05  217.946  427.909
167  0.05  155.676  427.909
168  0.05  93.4056  427.909
169  0.05  31.1352  427.909
170  0.05  591.569  379.109
171  0.05  529.298  379.109
172  0.05  467.028  379.109
173  0.05  404.758  379.109
174  0.05  342.487  379.109
175  0.05  280.217  379.109
176  0.05  217.946  379.109
177  0.05  155.676  379.109
178  0.05  93.4056  379.109
179  0.05  31.1352  379.109
180  0.05  591.569  316.309
181  0.05  529.298  316.309
182  0.05  467.028  316.309
183  0.05  404.758  316.309
184  0.05  342.487  316.309
185  0.05  280.217  316.309
186  0.05  217.946  316.309
187  0.05  155.676  316.309
188  0.05  93.4056  316.309
189  0.05  31.1352  316.309
190  0.05  591.569  267.509
191  0.05  529.298  267.509
192  0.05  467.028  267.509
193  0.05  404.758  267.509
194  0.05  342.487  267.509
195  0.05  280.217  267.509
196  0.05  217.946  267.509
197  0.05  155.676  267.509
198  0.05  93.4056  267.509
199  0.05  31.1352  267.509
200  0.05  591.569  195.519
201  0.05  529.298  195.519
202  0.05  467.028  195.519
203  0.05  404.758  195.519
204  0.05  342.487  195.519
205  0.05  280.217  195.519
206  0.05  217.946  195.519
207  0.05  155.676  195.519
208  0.05  93.4056  195.519
209  0.05  31.1352  195.519
210  0.05  591.569  146.719
211  0.05  529.298  146.719
212  0.05  467.028  146.719
213  0.05  404.758  146.719
214  0.05  342.487  146.719
215  0.05  280.217  146.719
216  0.05  217.946  146.719
217  0.05  155.676  146.719
218  0.05  93.4056  146.719
219  0.05  31.1352  146.719
220  0.05  591.569  83.9188
221  0.05  529.298  83.9188
222  0.05  467.028  83.9188
223  0.05  404.758  83.9188
224  0.05  342.487  83.9188
225  0.05  280.217  83.9188
226  0.05  217.946  83.9188
227  0.05  155.676  83.9188
228  0.05  93.4056  83.9188
229  0.05  31.1352  83.9188
230  0.05  591.569  35.1188
231  0.05  529.298  35.1188
232  0.05  467.028  35.1188
233  0.05  404.758  35.1188
234  0.05  342.487  35.1188
235  0.05  280.217  35.1188
236  0.05  217.946  35.1188
237  0.05  155.676  35.1188
238  0.05  93.4056  35.1188
239  0.05  31.1352  35.1188
240  -0.05  -31.1352  1357.47
241  -0.05  -93.4056  1357.47
242  -0.05  -155.676  1357.47
243  -0.05  -217.946  1357.47
244  -0.05  -280.217  1357.47
245  -0.05  -342.487  1357.47
246  -0.05  -404.758  1357.47
247  -0.05  -467.028  1357.47
248  -0.05  -529.298  1357.47
249  -0.05  -591.569  1357.47
250  -0.05  -31.1352  1308.67
251  -0.05  -93.4056  1308.67
252  -0.05  -155.676  1308.67
253  -0.05  -217.946  1308.67
254  -0.05  -280.217  1308.67
255  -0.05  -342.487  1308.67
256  -0.05  -404.758  1308.67
257  -0.05  -467.028  1308.67
258  -0.05  -529.298  1308.67
259  -0.05  -591.569  1308.67
260  -0.05  -31.1352  1245.87
261  -0.05  -93.4056  1245.87
262  -0.05  -155.676  1245.87
263  -0.05  -217.946  1245.87
264  -0.05  -280.217  1245.87
265  -0.05  -342.487  1245.87
266  -0.05  -404.758  1245.87
267  -0.05  -467.028  1245.87
268  -0.05  -529.298  1245.87
269  -0.05  -591.569  1245.87
270  -0.05  -31.1352  1197.07
271  -0.05  -93.4056  1197.07
272  -0.05  -155.676  1197.07
273  -0.05  -217.946  1197.07
274  -0.05  -280.217  1197.07
275  -0.05  -342.487  1197.07
276  -0.05  -404.758  1197.07
277  -0.05  -467.028  1197.07
278  -0.05  -529.298  1197.07
279  -0.05  -591.569  1197.07
280  -0.05  -31.1352  1125.08
281  -0.05  -93.4056  1125.08
282  -0.05  -155.676  1125.08
283  -0.05  -217.946  1125.08
284  -0.05  -280.217  1125.08
285  -0.05  -342.487  1125.08
286  -0.05  -404.758  1125.08
287  -0.05  -467.028  1125.08
288  -0.05  -529.298  1125.08
289  -0.05  -591.569  1125.08
290  -0.05  -31.1352  1076.28
291  -0.05  -93.4056  1076.28
292  -0.05  -155.676  1076.28
293  -0.05  -217.946  1076.28
294  -0.05  -280.217  1076.28
295  -0.05  -342.487  1076.28
296  -0.05  -404.758  1076.28
297  -0.05  -467.028  1076.28
298  -0.05  -529.298  1076.28
299  -0.05  -591.569  1076.28
300  -0.05  -31.1352  1013.48
301  -0.05  -93.4056  1013.48
302  -0.05  -155.676  1013.48
303  -0.05  -217.946  1013.48
304  -0.05  -280.217  1013.48
305  -0.05  -342.487  1013.48
306  -0.05  -404.758  1013.48
307  -0.05  -467.028  1013.48
308  -0.05  -529.298  1013.48
309  -0.05  -591.569  1013.48
310  -0.05  -31.1352  964.679
311  -0.05  -93.4056  964.679
312  -0.05  -155.676  964.679
313  -0.05  -217.946  964.679
314  -0.05  -280.217  964.679
315  -0.05  -342.487  964.679
316  -0.05  -404.758  964.679
317  -0.05  -467.028  964.679
318  -0.05  -529.298  964.679
319  -0.05  -591.569  964.679
320  -0.05  -31.1352  892.689
321  -0.05  -93.4056  892.689
322  -0.05  -155.676  892.689
323  -0.05  -217.946  892.689
324  -0.05  -280.217  892.689
325  -0.05  -342.487  892.689
326  -0.05  -404.758  892.689
327  -0.05  -467.028  892.689
328  -0.05  -529.298  892.689
329  -0.05  -591.569  892.689
330  -0.05  -31.1352  843.889
331  -0.05  -93.4056  843.889
332  -0.05  -155.676  843.889
333  -0.05  -217.946  843.889
334  -0.05  -280.217  843.889
335  -0.05  -342.487  843.889
336  -0.05  -404.758  843.889
337  -0.05  -467.028  843.889
338  -0.05  -529.298  843.889
339  -0.05  -591.569  843.889
340  -0.05  -31.1352  781.089
341  -0.05  -93.4056  781.089
342  -0.05  -155.676  781.089
343  -0.05  -217.946  781.089
344  -0.05  -280.217  781.089
345  -0.05  -342.487  781.089
346  -0.05  -404.758  781.089
347  -0.05  -467.028  781.089
348  -0.05  -529.298  781.089
349  -0.05  -591.569  781.089
350  -0.05  -31.1352  732.289
351  -0.05  -93.4056  732.289
352  -0.05  -155.676  732.289
353  -0.05  -217.946  732.289
354  -0.05  -280.217  732.289
355  -0.05  -342.487  732.289
356  -0.05  -404.758  732.289
357  -0.05  -467.028  732.289
358  -0.05  -529.298  732.289
359  -0.05  -591.569  732.289
360  -0.05  -31.1352  660.299
361  -0.05  -93.4056  660.299
362  -0.05  -155.676  660.299
363  -0.05  -217.946  660.299
364  -0.05  -280.217  660.299
365  -0.05  -342.487  660.299
366  -0.05  -404.758  660.299
367  -0.05  -467.028  660.299
368  -0.05  -529.298  660.299
369  -0.05  -591.569  660.299
370  -0.05  -31.1352  611.499
371  -0.05  -93.4056  611.499
372  -0.05  -155.676  611.499
373  -0.05  -217.946  611.499
374  -0.05  -280.217  611.499
375  -0.05  -342.487  611.499
376  -0.05  -404.758  611.499
377  -0.05  -467.028  611.499
378  -0.05  -529.298  611.499
379  -0.05  -591.569  611.499
380  -0.05  -31.1352  548.699
381  -0.05  -93.4056  548.699
382  -0.05  -155.676  548.699
383  -0.05  -217.946  548.699
384  -0.05  -280.217  548.699
385  -0.05  -342.487  548.699
386  -0.05  -404.758  548.699
387  -0.05  -467.028  548.699
388  -0.05  -529.298  548.699
389  -0.05  -591.569  548.699
390  -0.05  -31.1352  499.899
391  -0.05  -93.4056  499.899
392  -0.05  -155.676  499.899
393  -0.05  -217.946  499.899
394  -0.05  -280.217  499.899
395  -0.05  -342.487  499.899
396  -0.05  -404.758  499.899
397  -0.05  -467.028  499.899
398  -0.05  -529.298  499.899
399  -0.05  -591.569  499.899
400  -0.05  -31.1352  427.909
401  -0.05  -93.4056  427.909
402  -0.05  -155.676  427.909
403  -0.05  -217.946  427.909
404  -0.05  -280.217  427.909
405  -0.05  -342.487  427.909
406  -0.05  -404.758  427.909
407  -0.05  -467.028  427.909
408  -0.05  -529.298  427.909
409  -0.05  -591.569  427.909
410  -0.05  -31.1352  379.109
411  -0.05  -93.4056  379.109
412  -0.05  -155.676  379.109
413  -0.05  -217.946  379.109
414  -0.05  -280.217  379.109
415  -0.05  -342.487  379.109
416  -0.05  -404.758  379.109
417  -0.05  -467.028  379.109
418  -0.05  -529.298  379.109
419  -0.05  -591.569  379.109
420  -0.05  -31.1352  316.309
421  -0.05  -93.4056  316.309
422  -0.05  -155.676  316.309
423  -0.05  -217.946  316.309
424  -0.05  -280.217  316.309
425  -0.05  -342.487  316.309
426  -0.05  -404.758  316.309
427  -0.05  -467.028  316.309
428  -0.05  -529.298  316.309
429  -0.05  -591.569  316.309
430  -0.05  -31.1352  267.509
431  -0.05  -93.4056  267.509
432  -0.05  -155.676  267.509
433  -0.05  -217.946  267.509
434  -0.05  -280.217  267.509
435  -0.05  -342.487  267.509
436  -0.05  -404.758  267.509
437  -0.05  -467.028  267.509
438  -0.05  -529.298  267.509
439  -0.05  -591.569  267.509
440  -0.05  -31.1352  195.519
441  -0.05  -93.4056  195.519
442  -0.05  -155.676  195.519
443  -0.05  -217.946  195.519
444  -0.05  -280.217  195.519
445  -0.05  -342.487  195.519
446  -0.05  -404.758  195.519
447  -0.05  -467.028  195.519
448  -0.05  -529.298  195.519
449  -0.05  -591.569  195.519
450  -0.05  -31.1352  146.719
451  -0.05  -93.4056  146.719
452  -0.05  -155.676  146.719
453  -0.05  -217.946  146.719
454  -0.05  -280.217  146.719
455  -0.05  -342.487  146.719
456  -0.05  -404.758  146.719
457  -0.05  -467.028  146.719
458  -0.05  -529.298  146.719
459  -0.05  -591.569  146.719
460  -0.05  -31.1352  83.9188
461  -0.05  -93.4056  83.9188
462  -0.05  -155.676  83.9188
463  -0.05  -217.946  83.9188
464  -0.05  -280.217  83.9188
465  -0.05  -342.487  83.9188
466  -0.05  -404.758  83.9188
467  -0.05  -467.028  83.9188
468  -0.05  -529.298  83.9188
469  -0.05  -591.569  83.9188
470  -0.05  -31.1352  35.1188
471  -0.05  -93.4056  35.1188
472  -0.05  -155.676  35.1188
473  -0.05  -217.946  35.1188
474  -0.05  -280.217  35.1188
475  -0.05  -342.487  35.1188
476  -0.05  -404.758  35.1188
477  -0.05  -467.028  35.1188
478  -0.05  -529.298  35.1188
479  -0.05  -591.569  35.1188
