0  363.576  591.569  1357.47
1  363.576  529.298  1357.47
2  363.576  467.028  1357.47
3  363.576  404.758  1357.47
4  363.576  342.487  1357.47
5  363.576  280.217  1357.47
6  363.576  217.946  1357.47
7  363.576  155.676  1357.47
8  363.576  93.4056  1357.47
9  363.576  31.1352  1357.47
10  363.576  -31.1352  1357.47
11  363.576  -93.4056  1357.47
12  363.576  -155.676  1357.47
13  363.576  -217.946  1357.47
14  363.576  -280.217  1357.47
15  363.576  -342.487  1357.47
16  363.576  -404.758  1357.47
17  363.576  -467.028  1357.47
18  363.576  -529.298  1357.47
19  363.576  -591.569  1357.47
20  363.576  591.569  1308.67
21  363.576  529.298  1308.67
22  363.576  467.028  1308.67
23  363.576  404.758  1308.67
24  363.576  342.487  1308.67
25  363.576  280.217  1308.67
26  363.576  217.946  1308.67
27  363.576  155.676  1308.67
28  363.576  93.4056  1308.67
29  363.576  31.1352  1308.67
30  363.576  -31.1352  1308.67
31  363.576  -93.4056  1308.67
32  363.576  -155.676  1308.67
33  363.576  -217.946  1308.67
34  363.576  -280.217  1308.67
35  363.576  -342.487  1308.67
36  363.576  -404.758  1308.67
37  363.576  -467.028  1308.67
38  363.576  -529.298  1308.67
39  363.576  -591.569  1308.67
40  363.576  591.569  1245.87
41  363.576  529.298  1245.87
42  363.576  467.028  1245.87
43  363.576  404.758  1245.87
44  363.576  342.487  1245.87
45  363.576  280.217  1245.87
46  363.576  217.946  1245.87
47  363.576  155.676  1245.87
48  363.576  93.4056  1245.87
49  363.576  31.1352  1245.87
50  363.576  -31.1352  1245.87
51  363.576  -93.4056  1245.87
52  363.576  -155.676  1245.87
53  363.576  -217.946  1245.87
54  363.576  -280.217  1245.87
55  363.576  -342.487  1245.87
56  363.576  -404.758  1245.87
57  363.576  -467.028  1245.87
58  363.576  -529.298  1245.87
59  363.576  -591.569  1245.87
60  363.576  591.569  1197.07
61  363.576  529.298  1197.07
62  363.576  467.028  1197.07
63  363.576  404.758  1197.07
64  363.576  342.487  1197.07
65  363.576  280.217  1197.07
66  363.576  217.946  1197.07
67  363.576  155.676  1197.07
68  363.576  93.4056  1197.07
69  363.576  31.1352  1197.07
70  363.576  -31.1352  1197.07
71  363.576  -93.4056  1197.07
72  363.576  -155.676  1197.07
73  363.576  -217.946  1197.07
74  363.576  -280.217  1197.07
75  363.576  -342.487  1197.07
76  363.576  -404.758  1197.07
77  363.576  -467.028  1197.07
78  363.576  -529.298  1197.07
79  363.576  -591.569  1197.07
80  363.576  591.569  1125.08
81  363.576  529.298  1125.08
82  363.576  467.028  1125.08
83  363.576  404.758  1125.08
84  363.576  342.487  1125.08
85  363.576  280.217  1125.08
86  363.576  217.946  1125.08
87  363.576  155.676  1125.08
88  363.576  93.4056  1125.08
89  363.576  31.1352  1125.08
90  363.576  -31.1352  1125.08
91  363.576  -93.4056  1125.08
92  363.576  -155.676  1125.08
93  363.576  -217.946  1125.08
94  363.576  -280.217  1125.08
95  363.576  -342.487  1125.08
96  363.576  -404.758  1125.08
97  363.576  -467.028  1125.08
98  363.576  -529.298  1125.08
99  363.576  -591.569  1125.08
100  363.576  591.569  1076.28
101  363.576  529.298  1076.28
102  363.576  467.028  1076.28
103  363.576  404.758  1076.28
104  363.576  342.487  1076.28
105  363.576  280.217  1076.28
106  363.576  217.946  1076.28
107  363.576  155.676  1076.28
108  363.576  93.4056  1076.28
109  363.576  31.1352  1076.28
110  363.576  -31.1352  1076.28
111  363.576  -93.4056  1076.28
112  363.576  -155.676  1076.28
113  363.576  -217.946  1076.28
114  363.576  -280.217  1076.28
115  363.576  -342.487  1076.28
116  363.576  -404.758  1076.28
117  363.576  -467.028  1076.28
118  363.576  -529.298  1076.28
119  363.576  -591.569  1076.28
120  363.576  591.569  1013.48
121  363.576  529.298  1013.48
122  363.576  467.028  1013.48
123  363.576  404.758  1013.48
124  363.576  342.487  1013.48
125  363.576  280.217  1013.48
126  363.576  217.946  1013.48
127  363.576  155.676  1013.48
128  363.576  93.4056  1013.48
129  363.576  31.1352  1013.48
130  363.576  -31.1352  1013.48
131  363.576  -93.4056  1013.48
132  363.576  -155.676  1013.48
133  363.576  -217.946  1013.48
134  363.576  -280.217  1013.48
135  363.576  -342.487  1013.48
136  363.576  -404.758  1013.48
137  363.576  -467.028  1013.48
138  363.576  -529.298  1013.48
139  363.576  -591.569  1013.48
140  363.576  591.569  964.679
141  363.576  529.298  964.679
142  363.576  467.028  964.679
143  363.576  404.758  964.679
144  363.576  342.487  964.679
145  363.576  280.217  964.679
146  363.576  217.946  964.679
147  363.576  155.676  964.679
148  363.576  93.4056  964.679
149  363.576  31.1352  964.679
150  363.576  -31.1352  964.679
151  363.576  -93.4056  964.679
152  363.576  -155.676  964.679
153  363.576  -217.946  964.679
154  363.576  -280.217  964.679
155  363.576  -342.487  964.679
156  363.576  -404.758  964.679
157  363.576  -467.028  964.679
158  363.576  -529.298  964.679
159  363.576  -591.569  964.679
160  363.576  591.569  892.689
161  363.576  529.298  892.689
162  363.576  467.028  892.689
163  363.576  404.758  892.689
164  363.576  342.487  892.689
165  363.576  280.217  892.689
166  363.576  217.946  892.689
167  363.576  155.676  892.689
168  363.576  93.4056  892.689
169  363.576  31.1352  892.689
170  363.576  -31.1352  892.689
171  363.576  -93.4056  892.689
172  363.576  -155.676  892.689
173  363.576  -217.946  892.689
174  363.576  -280.217  892.689
175  363.576  -342.487  892.689
176  363.576  -404.758  892.689
177  363.576  -467.028  892.689
178  363.576  -529.298  892.689
179  363.576  -591.569  892.689
180  363.576  591.569  843.889
181  363.576  529.298  843.889
182  363.576  467.028  843.889
183  363.576  404.758  843.889
184  363.576  342.487  843.889
185  363.576  280.217  843.889
186  363.576  217.946  843.889
187  363.576  155.676  843.889
188  363.576  93.4056  843.889
189  363.576  31.1352  843.889
190  363.576  -31.1352  843.889
191  363.576  -93.4056  843.889
192  363.576  -155.676  843.889
193  363.576  -217.946  843.889
194  363.576  -280.217  843.889
195  363.576  -342.487  843.889
196  363.576  -404.758  843.889
197  363.576  -467.028  843.889
198  363.576  -529.298  843.889
199  363.576  -591.569  843.889
200  363.576  591.569  781.089
201  363.576  529.298  781.089
202  363.576  467.028  781.089
203  363.576  404.758  781.089
204  363.576  342.487  781.089
205  363.576  280.217  781.089
206  363.576  217.946  781.089
207  363.576  155.676  781.089
208  363.576  93.4056  781.089
209  363.576  31.1352  781.089
210  363.576  -31.1352  781.089
211  363.576  -93.4056  781.089
212  363.576  -155.676  781.089
213  363.576  -217.946  781.089
214  363.576  -280.217  781.089
215  363.576  -342.487  781.089
216  363.576  -404.758  781.089
217  363.576  -467.028  781.089
218  363.576  -529.298  781.089
219  363.576  -591.569  781.089
220  363.576  591.569  732.289
221  363.576  529.298  732.289
222  363.576  467.028  732.289
223  363.576  404.758  732.289
224  363.576  342.487  732.289
225  363.576  280.217  732.289
226  363.576  217.946  732.289
227  363.576  155.676  732.289
228  363.576  93.4056  732.289
229  363.576  31.1352  732.289
230  363.576  -31.1352  732.289
231  363.576  -93.4056  732.289
232  363.576  -155.676  732.289
233  363.576  -217.946  732.289
234  363.576  -280.217  732.289
235  363.576  -342.487  732.289
236  363.576  -404.758  732.289
237  363.576  -467.028  732.289
238  363.576  -529.298  732.289
239  363.576  -591.569  732.289
240  363.576  591.569  660.299
241  363.576  529.298  660.299
242  363.576  467.028  660.299
243  363.576  404.758  660.299
244  363.576  342.487  660.299
245  363.576  280.217  660.299
246  363.576  217.946  660.299
247  363.576  155.676  660.299
248  363.576  93.4056  660.299
249  363.576  31.1352  660.299
250  363.576  -31.1352  660.299
251  363.576  -93.4056  660.299
252  363.576  -155.676  660.299
253  363.576  -217.946  660.299
254  363.576  -280.217  660.299
255  363.576  -342.487  660.299
256  363.576  -404.758  660.299
257  363.576  -467.028  660.299
258  363.576  -529.298  660.299
259  363.576  -591.569  660.299
260  363.576  591.569  611.499
261  363.576  529.298  611.499
262  363.576  467.028  611.499
263  363.576  404.758  611.499
264  363.576  342.487  611.499
265  363.576  280.217  611.499
266  363.576  217.946  611.499
267  363.576  155.676  611.499
268  363.576  93.4056  611.499
269  363.576  31.1352  611.499
270  363.576  -31.1352  611.499
271  363.576  -93.4056  611.499
272  363.576  -155.676  611.499
273  363.576  -217.946  611.499
274  363.576  -280.217  611.499
275  363.576  -342.487  611.499
276  363.576  -404.758  611.499
277  363.576  -467.028  611.499
278  363.576  -529.298  611.499
279  363.576  -591.569  611.499
280  363.576  591.569  548.699
281  363.576  529.298  548.699
282  363.576  467.028  548.699
283  363.576  404.758  548.699
284  363.576  342.487  548.699
285  363.576  280.217  548.699
286  363.576  217.946  548.699
287  363.576  155.676  548.699
288  363.576  93.4056  548.699
289  363.576  31.1352  548.699
290  363.576  -31.1352  548.699
291  363.576  -93.4056  548.699
292  363.576  -155.676  548.699
293  363.576  -217.946  548.699
294  363.576  -280.217  548.699
295  363.576  -342.487  548.699
296  363.576  -404.758  548.699
297  363.576  -467.028  548.699
298  363.576  -529.298  548.699
299  363.576  -591.569  548.699
300  363.576  591.569  499.899
301  363.576  529.298  499.899
302  363.576  467.028  499.899
303  363.576  404.758  499.899
304  363.576  342.487  499.899
305  363.576  280.217  499.899
306  363.576  217.946  499.899
307  363.576  155.676  499.899
308  363.576  93.4056  499.899
309  363.576  31.1352  499.899
310  363.576  -31.1352  499.899
311  363.576  -93.4056  499.899
312  363.576  -155.676  499.899
313  363.576  -217.946  499.899
314  363.576  -280.217  499.899
315  363.576  -342.487  499.899
316  363.576  -404.758  499.899
317  363.576  -467.028  499.899
318  363.576  -529.298  499.899
319  363.576  -591.569  499.899
320  363.576  591.569  427.909
321  363.576  529.298  427.909
322  363.576  467.028  427.909
323  363.576  404.758  427.909
324  363.576  342.487  427.909
325  363.576  280.217  427.909
326  363.576  217.946  427.909
327  363.576  155.676  427.909
328  363.576  93.4056  427.909
329  363.576  31.1352  427.909
330  363.576  -31.1352  427.909
331  363.576  -93.4056  427.909
332  363.576  -155.676  427.909
333  363.576  -217.946  427.909
334  363.576  -280.217  427.909
335  363.576  -342.487  427.909
336  363.576  -404.758  427.909
337  363.576  -467.028  427.909
338  363.576  -529.298  427.909
339  363.576  -591.569  427.909
340  363.576  591.569  379.109
341  363.576  529.298  379.109
342  363.576  467.028  379.109
343  363.576  404.758  379.109
344  363.576  342.487  379.109
345  363.576  280.217  379.109
346  363.576  217.946  379.109
347  363.576  155.676  379.109
348  363.576  93.4056  379.109
349  363.576  31.1352  379.109
350  363.576  -31.1352  379.109
351  363.576  -93.4056  379.109
352  363.576  -155.676  379.109
353  363.576  -217.946  379.109
354  363.576  -280.217  379.109
355  363.576  -342.487  379.109
356  363.576  -404.758  379.109
357  363.576  -467.028  379.109
358  363.576  -529.298  379.109
359  363.576  -591.569  379.109
360  363.576  591.569  316.309
361  363.576  529.298  316.309
362  363.576  467.028  316.309
363  363.576  404.758  316.309
364  363.576  342.487  316.309
365  363.576  280.217  316.309
366  363.576  217.946  316.309
367  363.576  155.676  316.309
368  363.576  93.4056  316.309
369  363.576  31.1352  316.309
370  363.576  -31.1352  316.309
371  363.576  -93.4056  316.309
372  363.576  -155.676  316.309
373  363.576  -217.946  316.309
374  363.576  -280.217  316.309
375  363.576  -342.487  316.309
376  363.576  -404.758  316.309
377  363.576  -467.028  316.309
378  363.576  -529.298  316.309
379  363.576  -591.569  316.309
380  363.576  591.569  267.509
381  363.576  529.298  267.509
382  363.576  467.028  267.509
383  363.576  404.758  267.509
384  363.576  342.487  267.509
385  363.576  280.217  267.509
386  363.576  217.946  267.509
387  363.576  155.676  267.509
388  363.576  93.4056  267.509
389  363.576  31.1352  267.509
390  363.576  -31.1352  267.509
391  363.576  -93.4056  267.509
392  363.576  -155.676  267.509
393  363.576  -217.946  267.509
394  363.576  -280.217  267.509
395  363.576  -342.487  267.509
396  363.576  -404.758  267.509
397  363.576  -467.028  267.509
398  363.576  -529.298  267.509
399  363.576  -591.569  267.509
400  363.576  591.569  195.519
401  363.576  529.298  195.519
402  363.576  467.028  195.519
403  363.576  404.758  195.519
404  363.576  342.487  195.519
405  363.576  280.217  195.519
406  363.576  217.946  195.519
407  363.576  155.676  195.519
408  363.576  93.4056  195.519
409  363.576  31.1352  195.519
410  363.576  -31.1352  195.519
411  363.576  -93.4056  195.519
412  363.576  -155.676  195.519
413  363.576  -217.946  195.519
414  363.576  -280.217  195.519
415  363.576  -342.487  195.519
416  363.576  -404.758  195.519
417  363.576  -467.028  195.519
418  363.576  -529.298  195.519
419  363.576  -591.569  195.519
420  363.576  591.569  146.719
421  363.576  529.298  146.719
422  363.576  467.028  146.719
423  363.576  404.758  146.719
424  363.576  342.487  146.719
425  363.576  280.217  146.719
426  363.576  217.946  146.719
427  363.576  155.676  146.719
428  363.576  93.4056  146.719
429  363.576  31.1352  146.719
430  363.576  -31.1352  146.719
431  363.576  -93.4056  146.719
432  363.576  -155.676  146.719
433  363.576  -217.946  146.719
434  363.576  -280.217  146.719
435  363.576  -342.487  146.719
436  363.576  -404.758  146.719
437  363.576  -467.028  146.719
438  363.576  -529.298  146.719
439  363.576  -591.569  146.719
440  363.576  591.569  83.9188
441  363.576  529.298  83.9188
442  363.576  467.028  83.9188
443  363.576  404.758  83.9188
444  363.576  342.487  83.9188
445  363.576  280.217  83.9188
446  363.576  217.946  83.9188
447  363.576  155.676  83.9188
448  363.576  93.4056  83.9188
449  363.576  31.1352  83.9188
450  363.576  -31.1352  83.9188
451  363.576  -93.4056  83.9188
452  363.576  -155.676  83.9188
453  363.576  -217.946  83.9188
454  363.576  -280.217  83.9188
455  363.576  -342.487  83.9188
456  363.576  -404.758  83.9188
457  363.576  -467.028  83.9188
458  363.576  -529.298  83.9188
459  363.576  -591.569  83.9188
460  363.576  591.569  35.1188
461  363.576  529.298  35.1188
462  363.576  467.028  35.1188
463  363.576  404.758  35.1188
464  363.576  342.487  35.1188
465  363.576  280.217  35.1188
466  363.576  217.946  35.1188
467  363.576  155.676  35.1188
468  363.576  93.4056  35.1188
469  363.576  31.1352  35.1188
470  363.576  -31.1352  35.1188
471  363.576  -93.4056  35.1188
472  363.576  -155.676  35.1188
473  363.576  -217.946  35.1188
474  363.576  -280.217  35.1188
475  363.576  -342.487  35.1188
476  363.576  -404.758  35.1188
477  363.576  -467.028  35.1188
478  363.576  -529.298  35.1188
479  363.576  -591.569  35.1188
480  -362.876  591.569  1357.47
481  -362.876  529.298  1357.47
482  -362.876  467.028  1357.47
483  -362.876  404.758  1357.47
484  -362.876  342.487  1357.47
485  -362.876  280.217  1357.47
486  -362.876  217.946  1357.47
487  -362.876  155.676  1357.47
488  -362.876  93.4056  1357.47
489  -362.876  31.1352  1357.47
490  -362.876  -31.1352  1357.47
491  -362.876  -93.4056  1357.47
492  -362.876  -155.676  1357.47
493  -362.876  -217.946  1357.47
494  -362.876  -280.217  1357.47
495  -362.876  -342.487  1357.47
496  -362.876  -404.758  1357.47
497  -362.876  -467.028  1357.47
498  -362.876  -529.298  1357.47
499  -362.876  -591.569  1357.47
500  -362.876  591.569  1308.67
501  -362.876  529.298  1308.67
502  -362.876  467.028  1308.67
503  -362.876  404.758  1308.67
504  -362.876  342.487  1308.67
505  -362.876  280.217  1308.67
506  -362.876  217.946  1308.67
507  -362.876  155.676  1308.67
508  -362.876  93.4056  1308.67
509  -362.876  31.1352  1308.67
510  -362.876  -31.1352  1308.67
511  -362.876  -93.4056  1308.67
512  -362.876  -155.676  1308.67
513  -362.876  -217.946  1308.67
514  -362.876  -280.217  1308.67
515  -362.876  -342.487  1308.67
516  -362.876  -404.758  1308.67
517  -362.876  -467.028  1308.67
518  -362.876  -529.298  1308.67
519  -362.876  -591.569  1308.67
520  -362.876  591.569  1245.87
521  -362.876  529.298  1245.87
522  -362.876  467.028  1245.87
523  -362.876  404.758  1245.87
524  -362.876  342.487  1245.87
525  -362.876  280.217  1245.87
526  -362.876  217.946  1245.87
527  -362.876  155.676  1245.87
528  -362.876  93.4056  1245.87
529  -362.876  31.1352  1245.87
530  -362.876  -31.1352  1245.87
531  -362.876  -93.4056  1245.87
532  -362.876  -155.676  1245.87
533  -362.876  -217.946  1245.87
534  -362.876  -280.217  1245.87
535  -362.876  -342.487  1245.87
536  -362.876  -404.758  1245.87
537  -362.876  -467.028  1245.87
538  -362.876  -529.298  1245.87
539  -362.876  -591.569  1245.87
540  -362.876  591.569  1197.07
541  -362.876  529.298  1197.07
542  -362.876  467.028  1197.07
543  -362.876  404.758  1197.07
544  -362.876  342.487  1197.07
545  -362.876  280.217  1197.07
546  -362.876  217.946  1197.07
547  -362.876  155.676  1197.07
548  -362.876  93.4056  1197.07
549  -362.876  31.1352  1197.07
550  -362.876  -31.1352  1197.07
551  -362.876  -93.4056  1197.07
552  -362.876  -155.676  1197.07
553  -362.876  -217.946  1197.07
554  -362.876  -280.217  1197.07
555  -362.876  -342.487  1197.07
556  -362.876  -404.758  1197.07
557  -362.876  -467.028  1197.07
558  -362.876  -529.298  1197.07
559  -362.876  -591.569  1197.07
560  -362.876  591.569  1125.08
561  -362.876  529.298  1125.08
562  -362.876  467.028  1125.08
563  -362.876  404.758  1125.08
564  -362.876  342.487  1125.08
565  -362.876  280.217  1125.08
566  -362.876  217.946  1125.08
567  -362.876  155.676  1125.08
568  -362.876  93.4056  1125.08
569  -362.876  31.1352  1125.08
570  -362.876  -31.1352  1125.08
571  -362.876  -93.4056  1125.08
572  -362.876  -155.676  1125.08
573  -362.876  -217.946  1125.08
574  -362.876  -280.217  1125.08
575  -362.876  -342.487  1125.08
576  -362.876  -404.758  1125.08
577  -362.876  -467.028  1125.08
578  -362.876  -529.298  1125.08
579  -362.876  -591.569  1125.08
580  -362.876  591.569  1076.28
581  -362.876  529.298  1076.28
582  -362.876  467.028  1076.28
583  -362.876  404.758  1076.28
584  -362.876  342.487  1076.28
585  -362.876  280.217  1076.28
586  -362.876  217.946  1076.28
587  -362.876  155.676  1076.28
588  -362.876  93.4056  1076.28
589  -362.876  31.1352  1076.28
590  -362.876  -31.1352  1076.28
591  -362.876  -93.4056  1076.28
592  -362.876  -155.676  1076.28
593  -362.876  -217.946  1076.28
594  -362.876  -280.217  1076.28
595  -362.876  -342.487  1076.28
596  -362.876  -404.758  1076.28
597  -362.876  -467.028  1076.28
598  -362.876  -529.298  1076.28
599  -362.876  -591.569  1076.28
600  -362.876  591.569  1013.48
601  -362.876  529.298  1013.48
602  -362.876  467.028  1013.48
603  -362.876  404.758  1013.48
604  -362.876  342.487  1013.48
605  -362.876  280.217  1013.48
606  -362.876  217.946  1013.48
607  -362.876  155.676  1013.48
608  -362.876  93.4056  1013.48
609  -362.876  31.1352  1013.48
610  -362.876  -31.1352  1013.48
611  -362.876  -93.4056  1013.48
612  -362.876  -155.676  1013.48
613  -362.876  -217.946  1013.48
614  -362.876  -280.217  1013.48
615  -362.876  -342.487  1013.48
616  -362.876  -404.758  1013.48
617  -362.876  -467.028  1013.48
618  -362.876  -529.298  1013.48
619  -362.876  -591.569  1013.48
620  -362.876  591.569  964.679
621  -362.876  529.298  964.679
622  -362.876  467.028  964.679
623  -362.876  404.758  964.679
624  -362.876  342.487  964.679
625  -362.876  280.217  964.679
626  -362.876  217.946  964.679
627  -362.876  155.676  964.679
628  -362.876  93.4056  964.679
629  -362.876  31.1352  964.679
630  -362.876  -31.1352  964.679
631  -362.876  -93.4056  964.679
632  -362.876  -155.676  964.679
633  -362.876  -217.946  964.679
634  -362.876  -280.217  964.679
635  -362.876  -342.487  964.679
636  -362.876  -404.758  964.679
637  -362.876  -467.028  964.679
638  -362.876  -529.298  964.679
639  -362.876  -591.569  964.679
640  -362.876  591.569  892.689
641  -362.876  529.298  892.689
642  -362.876  467.028  892.689
643  -362.876  404.758  892.689
644  -362.876  342.487  892.689
645  -362.876  280.217  892.689
646  -362.876  217.946  892.689
647  -362.876  155.676  892.689
648  -362.876  93.4056  892.689
649  -362.876  31.1352  892.689
650  -362.876  -31.1352  892.689
651  -362.876  -93.4056  892.689
652  -362.876  -155.676  892.689
653  -362.876  -217.946  892.689
654  -362.876  -280.217  892.689
655  -362.876  -342.487  892.689
656  -362.876  -404.758  892.689
657  -362.876  -467.028  892.689
658  -362.876  -529.298  892.689
659  -362.876  -591.569  892.689
660  -362.876  591.569  843.889
661  -362.876  529.298  843.889
662  -362.876  467.028  843.889
663  -362.876  404.758  843.889
664  -362.876  342.487  843.889
665  -362.876  280.217  843.889
666  -362.876  217.946  843.889
667  -362.876  155.676  843.889
668  -362.876  93.4056  843.889
669  -362.876  31.1352  843.889
670  -362.876  -31.1352  843.889
671  -362.876  -93.4056  843.889
672  -362.876  -155.676  843.889
673  -362.876  -217.946  843.889
674  -362.876  -280.217  843.889
675  -362.876  -342.487  843.889
676  -362.876  -404.758  843.889
677  -362.876  -467.028  843.889
678  -362.876  -529.298  843.889
679  -362.876  -591.569  843.889
680  -362.876  591.569  781.089
681  -362.876  529.298  781.089
682  -362.876  467.028  781.089
683  -362.876  404.758  781.089
684  -362.876  342.487  781.089
685  -362.876  280.217  781.089
686  -362.876  217.946  781.089
687  -362.876  155.676  781.089
688  -362.876  93.4056  781.089
689  -362.876  31.1352  781.089
690  -362.876  -31.1352  781.089
691  -362.876  -93.4056  781.089
692  -362.876  -155.676  781.089
693  -362.876  -217.946  781.089
694  -362.876  -280.217  781.089
695  -362.876  -342.487  781.089
696  -362.876  -404.758  781.089
697  -362.876  -467.028  781.089
698  -362.876  -529.298  781.089
699  -362.876  -591.569  781.089
700  -362.876  591.569  732.289
701  -362.876  529.298  732.289
702  -362.876  467.028  732.289
703  -362.876  404.758  732.289
704  -362.876  342.487  732.289
705  -362.876  280.217  732.289
706  -362.876  217.946  732.289
707  -362.876  155.676  732.289
708  -362.876  93.4056  732.289
709  -362.876  31.1352  732.289
710  -362.876  -31.1352  732.289
711  -362.876  -93.4056  732.289
712  -362.876  -155.676  732.289
713  -362.876  -217.946  732.289
714  -362.876  -280.217  732.289
715  -362.876  -342.487  732.289
716  -362.876  -404.758  732.289
717  -362.876  -467.028  732.289
718  -362.876  -529.298  732.289
719  -362.876  -591.569  732.289
720  -362.876  591.569  660.299
721  -362.876  529.298  660.299
722  -362.876  467.028  660.299
723  -362.876  404.758  660.299
724  -362.876  342.487  660.299
725  -362.876  280.217  660.299
726  -362.876  217.946  660.299
727  -362.876  155.676  660.299
728  -362.876  93.4056  660.299
729  -362.876  31.1352  660.299
730  -362.876  -31.1352  660.299
731  -362.876  -93.4056  660.299
732  -362.876  -155.676  660.299
733  -362.876  -217.946  660.299
734  -362.876  -280.217  660.299
735  -362.876  -342.487  660.299
736  -362.876  -404.758  660.299
737  -362.876  -467.028  660.299
738  -362.876  -529.298  660.299
739  -362.876  -591.569  660.299
740  -362.876  591.569  611.499
741  -362.876  529.298  611.499
742  -362.876  467.028  611.499
743  -362.876  404.758  611.499
744  -362.876  342.487  611.499
745  -362.876  280.217  611.499
746  -362.876  217.946  611.499
747  -362.876  155.676  611.499
748  -362.876  93.4056  611.499
749  -362.876  31.1352  611.499
750  -362.876  -31.1352  611.499
751  -362.876  -93.4056  611.499
752  -362.876  -155.676  611.499
753  -362.876  -217.946  611.499
754  -362.876  -280.217  611.499
755  -362.876  -342.487  611.499
756  -362.876  -404.758  611.499
757  -362.876  -467.028  611.499
758  -362.876  -529.298  611.499
759  -362.876  -591.569  611.499
760  -362.876  591.569  548.699
761  -362.876  529.298  548.699
762  -362.876  467.028  548.699
763  -362.876  404.758  548.699
764  -362.876  342.487  548.699
765  -362.876  280.217  548.699
766  -362.876  217.946  548.699
767  -362.876  155.676  548.699
768  -362.876  93.4056  548.699
769  -362.876  31.1352  548.699
770  -362.876  -31.1352  548.699
771  -362.876  -93.4056  548.699
772  -362.876  -155.676  548.699
773  -362.876  -217.946  548.699
774  -362.876  -280.217  548.699
775  -362.876  -342.487  548.699
776  -362.876  -404.758  548.699
777  -362.876  -467.028  548.699
778  -362.876  -529.298  548.699
779  -362.876  -591.569  548.699
780  -362.876  591.569  499.899
781  -362.876  529.298  499.899
782  -362.876  467.028  499.899
783  -362.876  404.758  499.899
784  -362.876  342.487  499.899
785  -362.876  280.217  499.899
786  -362.876  217.946  499.899
787  -362.876  155.676  499.899
788  -362.876  93.4056  499.899
789  -362.876  31.1352  499.899
790  -362.876  -31.1352  499.899
791  -362.876  -93.4056  499.899
792  -362.876  -155.676  499.899
793  -362.876  -217.946  499.899
794  -362.876  -280.217  499.899
795  -362.876  -342.487  499.899
796  -362.876  -404.758  499.899
797  -362.876  -467.028  499.899
798  -362.876  -529.298  499.899
799  -362.876  -591.569  499.899
800  -362.876  591.569  427.909
801  -362.876  529.298  427.909
802  -362.876  467.028  427.909
803  -362.876  404.758  427.909
804  -362.876  342.487  427.909
805  -362.876  280.217  427.909
806  -362.876  217.946  427.909
807  -362.876  155.676  427.909
808  -362.876  93.4056  427.909
809  -362.876  31.1352  427.909
810  -362.876  -31.1352  427.909
811  -362.876  -93.4056  427.909
812  -362.876  -155.676  427.909
813  -362.876  -217.946  427.909
814  -362.876  -280.217  427.909
815  -362.876  -342.487  427.909
816  -362.876  -404.758  427.909
817  -362.876  -467.028  427.909
818  -362.876  -529.298  427.909
819  -362.876  -591.569  427.909
820  -362.876  591.569  379.109
821  -362.876  529.298  379.109
822  -362.876  467.028  379.109
823  -362.876  404.758  379.109
824  -362.876  342.487  379.109
825  -362.876  280.217  379.109
826  -362.876  217.946  379.109
827  -362.876  155.676  379.109
828  -362.876  93.4056  379.109
829  -362.876  31.1352  379.109
830  -362.876  -31.1352  379.109
831  -362.876  -93.4056  379.109
832  -362.876  -155.676  379.109
833  -362.876  -217.946  379.109
834  -362.876  -280.217  379.109
835  -362.876  -342.487  379.109
836  -362.876  -404.758  379.109
837  -362.876  -467.028  379.109
838  -362.876  -529.298  379.109
839  -362.876  -591.569  379.109
840  -362.876  591.569  316.309
841  -362.876  529.298  316.309
842  -362.876  467.028  316.309
843  -362.876  404.758  316.309
844  -362.876  342.487  316.309
845  -362.876  280.217  316.309
846  -362.876  217.946  316.309
847  -362.876  155.676  316.309
848  -362.876  93.4056  316.309
849  -362.876  31.1352  316.309
850  -362.876  -31.1352  316.309
851  -362.876  -93.4056  316.309
852  -362.876  -155.676  316.309
853  -362.876  -217.946  316.309
854  -362.876  -280.217  316.309
855  -362.876  -342.487  316.309
856  -362.876  -404.758  316.309
857  -362.876  -467.028  316.309
858  -362.876  -529.298  316.309
859  -362.876  -591.569  316.309
860  -362.876  591.569  267.509
861  -362.876  529.298  267.509
862  -362.876  467.028  267.509
863  -362.876  404.758  267.509
864  -362.876  342.487  267.509
865  -362.876  280.217  267.509
866  -362.876  217.946  267.509
867  -362.876  155.676  267.509
868  -362.876  93.4056  267.509
869  -362.876  31.1352  267.509
870  -362.876  -31.1352  267.509
871  -362.876  -93.4056  267.509
872  -362.876  -155.676  267.509
873  -362.876  -217.946  267.509
874  -362.876  -280.217  267.509
875  -362.876  -342.487  267.509
876  -362.876  -404.758  267.509
877  -362.876  -467.028  267.509
878  -362.876  -529.298  267.509
879  -362.876  -591.569  267.509
880  -362.876  591.569  195.519
881  -362.876  529.298  195.519
882  -362.876  467.028  195.519
883  -362.876  404.758  195.519
884  -362.876  342.487  195.519
885  -362.876  280.217  195.519
886  -362.876  217.946  195.519
887  -362.876  155.676  195.519
888  -362.876  93.4056  195.519
889  -362.876  31.1352  195.519
890  -362.876  -31.1352  195.519
891  -362.876  -93.4056  195.519
892  -362.876  -155.676  195.519
893  -362.876  -217.946  195.519
894  -362.876  -280.217  195.519
895  -362.876  -342.487  195.519
896  -362.876  -404.758  195.519
897  -362.876  -467.028  195.519
898  -362.876  -529.298  195.519
899  -362.876  -591.569  195.519
900  -362.876  591.569  146.719
901  -362.876  529.298  146.719
902  -362.876  467.028  146.719
903  -362.876  404.758  146.719
904  -362.876  342.487  146.719
905  -362.876  280.217  146.719
906  -362.876  217.946  146.719
907  -362.876  155.676  146.719
908  -362.876  93.4056  146.719
909  -362.876  31.1352  146.719
910  -362.876  -31.1352  146.719
911  -362.876  -93.4056  146.719
912  -362.876  -155.676  146.719
913  -362.876  -217.946  146.719
914  -362.876  -280.217  146.719
915  -362.876  -342.487  146.719
916  -362.876  -404.758  146.719
917  -362.876  -467.028  146.719
918  -362.876  -529.298  146.719
919  -362.876  -591.569  146.719
920  -362.876  591.569  83.9188
921  -362.876  529.298  83.9188
922  -362.876  467.028  83.9188
923  -362.876  404.758  83.9188
924  -362.876  342.487  83.9188
925  -362.876  280.217  83.9188
926  -362.876  217.946  83.9188
927  -362.876  155.676  83.9188
928  -362.876  93.4056  83.9188
929  -362.876  31.1352  83.9188
930  -362.876  -31.1352  83.9188
931  -362.876  -93.4056  83.9188
932  -362.876  -155.676  83.9188
933  -362.876  -217.946  83.9188
934  -362.876  -280.217  83.9188
935  -362.876  -342.487  83.9188
936  -362.876  -404.758  83.9188
937  -362.876  -467.028  83.9188
938  -362.876  -529.298  83.9188
939  -362.876  -591.569  83.9188
940  -362.876  591.569  35.1188
941  -362.876  529.298  35.1188
942  -362.876  467.028  35.1188
943  -362.876  404.758  35.1188
944  -362.876  342.487  35.1188
945  -362.876  280.217  35.1188
946  -362.876  217.946  35.1188
947  -362.876  155.676  35.1188
948  -362.876  93.4056  35.1188
949  -362.876  31.1352  35.1188
950  -362.876  -31.1352  35.1188
951  -362.876  -93.4056  35.1188
952  -362.876  -155.676  35.1188
953  -362.876  -217.946  35.1188
954  -362.876  -280.217  35.1188
955  -362.876  -342.487  35.1188
956  -362.876  -404.758  35.1188
957  -362.876  -467.028  35.1188
958  -362.876  -529.298  35.1188
959  -362.876  -591.569  35.1188
